,0,1,2,3,4,5,6,7,8,9,10,11,12,13,14
0,0.46950724766355145,-7.722946218971961,1.4143936411214957,0.1955824994392523,-2.259073679906542,2.4921946132710273,4.632542952990654,-6.332398107476637,1.564811192897197,-2.018288155981308,-1.9161283566355138,-3.0154313414018694,-3.5342284233644854,1.2070914448598127,1.100125481121495
1,0.14196671839819003,-4.238375462036199,2.0116104810859734,5.003839656244341,-3.582470825067876,5.346401116877828,4.41349855529412,-4.925398811402716,0.37231124563574675,2.3991692069683275,-0.42599906756787315,2.8987719906334837,-1.8095451761809938,0.7389529792656104,1.5546510950226249
2,0.6628807113333333,-4.867916474555556,1.9151321434444437,3.1836576798888894,-3.672411654111111,3.0279870256666666,3.982342715444443,-6.831879374888893,1.1303107347777777,-2.7291900148888892,-1.4982752850644447,0.5291461324433334,-1.9679617766666666,1.477667483111111,-3.664517309111111
3,-0.06259041496319599,-4.5481437010309245,1.5245473128757316,3.0038888953608254,-2.5302460460824747,5.842803513402059,5.12083960587629,-2.996973434742267,1.2508940379855673,2.9265473714432986,0.39437943360824745,0.76919882814433,-2.487992761546391,0.8280226465979383,4.993026392268041
4,0.5896060697359718,-4.878860203846154,1.5299077305251745,4.434367892517481,-3.325770032517483,4.440575592797201,3.947499773566431,-6.254451636713288,0.8276281474055941,-0.1841369404293707,-0.8077277479160836,2.016022447622378,-1.8356799140839162,1.5571719583776227,-0.8734162105244756
5,0.1143140556122582,-5.5707379419354845,1.579754840265807,3.3994541470322583,-3.109433413741935,4.325379126129034,4.354185744516129,-4.9175018420645165,1.1937599802460643,1.3315008533354837,-0.7469742292903226,0.4386566483225807,-2.0126358299354843,1.179321519483871,2.1276848927012897
6,-0.17788785,-6.828351152631579,0.8845518064210528,1.5028242381052623,-3.6379002247368426,3.5708929379905254,4.344042252315788,-3.979084590736842,2.402400302631579,1.4817602294968417,-1.576341992726316,-2.510459648736842,-2.2451428311578945,1.218610162842105,4.917487535263154
7,0.8424947701216051,-6.687310686419751,1.513130818188889,2.4010394808641964,-2.7427243587037036,3.2258810080864206,3.7448888191975307,-6.62420036895062,1.4217366746296294,-0.7769914382290121,-1.5954259490351852,-0.6036786620987658,-2.604174095740739,1.4593012925308648,1.0493786638753084
8,-0.7412241165714285,-2.5123729994285715,2.4818470054285715,6.005765060000001,-3.6231688194285727,5.949319602857142,4.750589911428571,-3.4392543780000007,-0.8430852157142857,5.204743270285714,-0.24561758142857135,4.628217137142856,-2.107401226857143,-0.6673527428571429,4.141463071428572
9,2.549516078,-7.01427518,3.2541249800000003,-0.343832695,-2.118768873,6.824888170000001,7.455835079999998,-1.6518535150000002,0.19079375999999998,6.665598286,-0.46103028,-5.70595049,-2.6790855849999997,-2.085649592,9.79105568
