,0,1,2,3,4,5,6,7,8,9,10,11,12,13,14
0,0.3627893727227724,-4.330232632722771,2.210171462475246,5.43250770346535,-3.8080099745049525,5.4757019930198,4.31852537930693,-4.941760162920791,0.33862533731732686,2.528487118118814,-0.5498589043688119,3.541691004257427,-1.5685833979009907,0.6247002607806929,0.8533581817326731
1,-0.3477335891071428,-5.929707752321426,1.3749998803571428,0.5983403794642861,-2.9660842155357146,3.7560485628410705,4.156092293749999,-3.0607935799999995,1.9340914421428577,1.7570039469642855,-1.6188299230357146,-3.046820149642857,-3.128923908392857,1.140924410714286,6.050397244642856
2,0.5593918917391305,-6.742990735826087,1.2628871712173912,0.1578528880782608,-2.4397500473043485,2.097683520956521,4.828341908695653,-6.319422480173911,1.7434888861739137,-2.9542709241052187,-1.8672827154782614,-3.4914681133913046,-3.0260642072173916,1.1414708095652166,-0.8149413741365219
3,-0.1637768071861906,-4.487918206476192,1.3541375009530747,3.559972522142858,-3.0564377804285727,4.767339802619052,4.562548912714288,-4.263250960333332,0.9390055689523806,2.087727671666667,-0.2606552165238095,0.7581219146190477,-2.086665243095237,0.8853301511428572,3.2587040178095235
4,0.45128310819047623,-5.275878181142859,2.0017977091428576,3.372571818000001,-3.275289729047618,2.904012723523809,3.9469203173333316,-6.2773328842857135,1.347700978095239,-2.124452345809523,-1.9807938707219048,0.4386007089514282,-2.0975428619047616,1.2839091652380952,-3.4067436447828547
5,0.21921170965909076,-6.8295689875,1.005188404158523,1.884801761647727,-3.2789734892045432,3.350652375,4.124696348125,-5.166697267102273,2.1344983288636366,0.706201253478409,-1.6045211594392037,-1.6894664728977267,-2.4771086014204537,1.3692094048295456,3.4244607223863626
6,-0.588934429514,-3.383543319473684,2.225782001157895,4.569081354,-2.5498510434736836,6.554310211578949,5.247062438947367,-2.5441477904210514,0.012590046048420981,4.296957153263156,0.7333596501378947,2.9650931959999993,-2.6319389308421055,0.2578172437894737,4.631434701052631
7,0.751759585010125,-5.5545912454687505,1.6813242055473958,3.6417228299479163,-2.918701468541666,3.926142683802084,4.1376316447395824,-5.853006842291666,1.4689697505423958,0.8669018820312498,-1.0351313847588541,0.8145859440364588,-2.1785684561458334,1.301085627697917,0.4699015826166668
8,0.9589856583018863,-6.594154247169814,1.320126029933962,2.074435053396227,-2.912520368584905,2.9558848629245285,3.9193737052830193,-6.522990929245283,1.6973145925094333,-0.8741013618867927,-1.6966098134905663,-1.035317938396226,-2.466114216132077,1.269507900754717,0.709504251509434
9,0.436988601364486,-4.99362179869159,1.5863924310280375,4.375237277383177,-3.969023151682244,3.920493397943926,3.94891098317757,-5.572554941682242,1.5921612649813084,-0.2458503790224301,-1.451402390186916,2.463446000373832,-1.7781674354579442,1.1997320200000001,-2.273973237009346
10,2.2703264400000003,-6.1663863,3.620355566666667,0.08791515416666662,-2.5578161858333335,6.0091541500000005,6.830161566666665,-2.0357015375,0.5585571416666668,7.043149971666666,-0.8278883166666667,-5.859480350000001,-3.3437841791666667,-2.1064934933333332,10.422413066666666
