,0,1,2,3,4,5,6,7,8,9,10,11,12,13,14
0,0.30746108906451614,-7.653324613548386,1.3013407644821289,1.7427344141935484,-3.9108002761290312,4.68527752580645,4.418325716451612,-4.323390151290323,2.0632745293548393,1.5759056638709679,-1.7274597438709676,-2.137112851290323,-1.7685779251612908,1.1490856438709678,6.231185991290322
1,0.12864045133333335,-4.839534893111111,1.8822693697777773,3.851764252222223,-3.4924850971111114,3.3235504280000003,4.538096574222221,-7.207756385333335,1.3217787813333333,-2.7303370975555556,-1.0764669871111112,0.5331760346644442,-2.265499524000001,2.0769987993333325,-3.996406851333332
2,-0.5741412662121211,-3.7458026004545455,2.448437991666666,5.057449253030305,-3.3997101837878785,5.6524964954545425,4.713174022727273,-4.6156404656060595,-0.78336229294697,3.1678057915151516,0.06515694818181815,3.0158503760606052,-2.231243086000001,0.2717379930303031,3.3224121774242423
3,0.3219683839726027,-7.526068280821918,1.2967638294780828,1.9781642206849324,-3.007022885753424,3.415986300273973,3.8582512756164378,-6.170169253424656,1.7990413771232874,0.03483533068493152,-1.9288232159178076,-1.6505628957534237,-2.938631906027397,1.9416065135616438,3.053753835342466
4,0.1769859388316667,-6.063972223333335,1.02836138452,3.208062007333333,-3.3887144661666677,4.873664311666668,4.545237263333334,-4.901916546000001,1.3061289129999998,1.5525220069999996,-0.434925352,0.4027625593333335,-1.5615711884999997,1.4825719896666667,3.3837588975000004
5,0.6457403027522934,-5.427557808256882,1.7007297855963304,4.20006984770642,-2.965705732660552,4.204179645779816,3.9890710963302753,-6.371936626605506,0.8285217002581651,0.6115903108256879,-0.6663221537770643,1.3860047947706418,-2.3167872624770633,1.346038984036697,0.4637019993577982
6,1.095076636875,-9.287930999999999,1.501281645,-1.9672102175000001,-1.7918457668750003,2.5545681499999997,6.0870924875000005,-7.805199968749999,-0.2795163024999999,-3.8171702862499997,-0.7231312887500001,-4.12354255125,-3.072089413125,0.8443092099999999,0.03550409250000007
7,0.9627438186274508,-4.191552233333332,1.8825276217647062,5.756929576470589,-3.912722404117646,5.8371341117647075,4.068543455294116,-6.680698982941176,0.025201503392156894,1.1959175819607843,-0.45727583470588223,3.670801738235294,-1.5171667355686278,1.4381539386274518,-0.0613299982352941
8,0.9128321274955877,-7.050976879411765,1.6685764115397055,2.366905976764705,-2.417087797647058,3.0101655892647057,4.181390754852941,-7.25340509264706,1.2356965747058826,-1.2143513578397056,-1.5143949522058828,-0.8476369266176471,-2.9726540820588236,1.3581440682352943,0.028772801438235376
9,0.2468869538888887,-4.6631186,1.4940290108333332,3.562141966111111,-2.7989780663888886,6.856228755555554,5.400452033333336,-3.3357732722222218,1.9912873052777782,2.685713005277778,0.3323690686111111,0.7005893966666666,-2.349160794999999,1.250454778611111,5.740104225
