,0,1,2,3,4,5,6,7,8,9,10,11,12,13,14
0,0.5113701909677419,-7.338310298387097,0.944272261935484,1.7643176095161288,-3.695202220645162,4.234693676612902,4.586702017741935,-4.529406828225807,1.9494541379032253,2.077493061164516,-1.1772449120967743,-2.0292284882258067,-2.001724369677419,0.8835852085483872,5.569762367741933
1,-0.5564857370769228,-3.4128111470769227,2.8030664747692313,5.474438413846154,-3.854575619692307,6.02838933076923,4.678170875384613,-4.332640885846154,-0.5940350873000001,3.5050414416923075,-0.3785196072307692,3.7095978772307694,-1.950586545323077,0.19669461092307688,3.202951182923077
2,0.13316671826614745,-4.712430263442621,1.3154108688536554,3.6690449516393446,-2.9252691504098363,5.702105649999999,4.954756525983607,-4.1228650831967215,1.2236111825409837,2.3816735998360654,0.12843790967213123,0.8328284803278686,-2.1258532212295083,1.0914929700000011,4.127845056311476
3,1.4976511507999999,-8.901582528,2.3694740403999996,-1.2703720140000003,-1.7228458056000002,2.4800173616,5.60813502,-8.191814848,-0.4592476316,-3.2250248272,-1.2993740232,-3.1498492551999995,-3.7511357208000002,0.5690966964,-0.7820669620000001
4,0.42241406553191496,-4.681655663617021,1.8630329848936165,3.304843029787234,-3.3115354212765955,2.587092145957447,3.8853046476595754,-6.6734903497872375,1.273721660638298,-3.0816400959574475,-1.1411326216127662,0.5130238393595744,-2.437298157872342,1.5363921674468084,-4.461011120638297
5,0.7319323563117937,-4.791951163814437,1.5237349708773196,4.198537256907216,-3.2276321027835038,4.451705945360826,4.025999108453607,-6.503793955670103,0.5371692209175257,-0.39554122903092753,-0.6195212435257734,1.876001736185567,-1.698012853752577,1.5635188456494846,-0.8947770196391753
6,0.6892586872496178,-6.761845074045802,1.664684016066412,2.751439515954198,-2.5914817837404587,3.2077752838167934,3.7683946400763335,-6.841894819847332,1.278205605267175,-0.7350896223900761,-1.579013643753435,-0.41836644832061076,-2.854091491908396,1.5399332421374043,0.7330164300595419
7,0.55518652953125,-7.9368848817187505,1.3933949196875002,1.2787746176562496,-2.8546412450000003,2.881964690312499,3.8159685624999997,-5.69271893203125,2.4020550173437503,-0.13220645937499992,-2.454255308749999,-2.58958763921875,-2.92834612703125,1.7099693907812494,2.9321388667187502
8,0.5810491685393261,-5.980839213483143,1.7612474599089893,3.7615524801123597,-3.1896987737078626,4.072208191011235,3.951734860674157,-5.583485468089889,1.186888386046517,1.3615097148314599,-0.8758818808089888,0.9386616200000002,-2.0569680739325844,1.1784842029213487,1.4861923873033707
9,0.7154174418032786,-3.772930191803278,1.9564118959016392,5.60422468852459,-4.102828296885246,5.619283150819671,3.9360473544262295,-6.3566873062295075,-0.07745363852459021,1.4017933868852455,-0.1560326054098361,3.5369791431147535,-1.407922018196722,1.2379508872131142,0.7433099409836065
